          25
    0.1314345345E+00
    0.5000120990E-01
    0.1314345345E+00
    0.6051061674E-01
    0.1314345345E+00
    0.7000000000E-01
    0.1314345345E+00
    0.7948938326E-01
    0.1314345345E+00
    0.8999879010E-01
    0.1832308968E+00
    0.5000120990E-01
    0.1832308968E+00
    0.6051061674E-01
    0.1832308968E+00
    0.7000000000E-01
    0.1832308968E+00
    0.7948938326E-01
    0.1832308968E+00
    0.8999879010E-01
    0.2300000000E+00
    0.5000120990E-01
    0.2300000000E+00
    0.6051061674E-01
    0.2300000000E+00
    0.7000000000E-01
    0.2300000000E+00
    0.7948938326E-01
    0.2300000000E+00
    0.8999879010E-01
    0.2767691032E+00
    0.5000120990E-01
    0.2767691032E+00
    0.6051061674E-01
    0.2767691032E+00
    0.7000000000E-01
    0.2767691032E+00
    0.7948938326E-01
    0.2767691032E+00
    0.8999879010E-01
    0.3285654655E+00
    0.5000120990E-01
    0.3285654655E+00
    0.6051061674E-01
    0.3285654655E+00
    0.7000000000E-01
    0.3285654655E+00
    0.7948938326E-01
    0.3285654655E+00
    0.8999879010E-01
