          25
   -0.3826718549E+00
    0.9643090481E+02
   -0.3826718549E+00
    0.1166990466E+03
   -0.3826718549E+00
    0.1350000000E+03
   -0.3826718549E+00
    0.1533009534E+03
   -0.3826718549E+00
    0.1735690952E+03
    0.1226768735E+01
    0.9643090481E+02
    0.1226768735E+01
    0.1166990466E+03
    0.1226768735E+01
    0.1350000000E+03
    0.1226768735E+01
    0.1533009534E+03
    0.1226768735E+01
    0.1735690952E+03
    0.2680000000E+01
    0.9643090481E+02
    0.2680000000E+01
    0.1166990466E+03
    0.2680000000E+01
    0.1350000000E+03
    0.2680000000E+01
    0.1533009534E+03
    0.2680000000E+01
    0.1735690952E+03
    0.4133231265E+01
    0.9643090481E+02
    0.4133231265E+01
    0.1166990466E+03
    0.4133231265E+01
    0.1350000000E+03
    0.4133231265E+01
    0.1533009534E+03
    0.4133231265E+01
    0.1735690952E+03
    0.5742671855E+01
    0.9643090481E+02
    0.5742671855E+01
    0.1166990466E+03
    0.5742671855E+01
    0.1350000000E+03
    0.5742671855E+01
    0.1533009534E+03
    0.5742671855E+01
    0.1735690952E+03
