          25
    0.3286906904E-01
    0.5000120990E-01
    0.3286906904E-01
    0.6051061674E-01
    0.3286906904E-01
    0.7000000000E-01
    0.3286906904E-01
    0.7948938326E-01
    0.3286906904E-01
    0.8999879010E-01
    0.1364617936E+00
    0.5000120990E-01
    0.1364617936E+00
    0.6051061674E-01
    0.1364617936E+00
    0.7000000000E-01
    0.1364617936E+00
    0.7948938326E-01
    0.1364617936E+00
    0.8999879010E-01
    0.2300000000E+00
    0.5000120990E-01
    0.2300000000E+00
    0.6051061674E-01
    0.2300000000E+00
    0.7000000000E-01
    0.2300000000E+00
    0.7948938326E-01
    0.2300000000E+00
    0.8999879010E-01
    0.3235382064E+00
    0.5000120990E-01
    0.3235382064E+00
    0.6051061674E-01
    0.3235382064E+00
    0.7000000000E-01
    0.3235382064E+00
    0.7948938326E-01
    0.3235382064E+00
    0.8999879010E-01
    0.4271309310E+00
    0.5000120990E-01
    0.4271309310E+00
    0.6051061674E-01
    0.4271309310E+00
    0.7000000000E-01
    0.4271309310E+00
    0.7948938326E-01
    0.4271309310E+00
    0.8999879010E-01
