          25
    0.1314345345E+00
    0.3000241981E-01
    0.1314345345E+00
    0.5102123348E-01
    0.1314345345E+00
    0.7000000000E-01
    0.1314345345E+00
    0.8897876652E-01
    0.1314345345E+00
    0.1099975802E+00
    0.1832308968E+00
    0.3000241981E-01
    0.1832308968E+00
    0.5102123348E-01
    0.1832308968E+00
    0.7000000000E-01
    0.1832308968E+00
    0.8897876652E-01
    0.1832308968E+00
    0.1099975802E+00
    0.2300000000E+00
    0.3000241981E-01
    0.2300000000E+00
    0.5102123348E-01
    0.2300000000E+00
    0.7000000000E-01
    0.2300000000E+00
    0.8897876652E-01
    0.2300000000E+00
    0.1099975802E+00
    0.2767691032E+00
    0.3000241981E-01
    0.2767691032E+00
    0.5102123348E-01
    0.2767691032E+00
    0.7000000000E-01
    0.2767691032E+00
    0.8897876652E-01
    0.2767691032E+00
    0.1099975802E+00
    0.3285654655E+00
    0.3000241981E-01
    0.3285654655E+00
    0.5102123348E-01
    0.3285654655E+00
    0.7000000000E-01
    0.3285654655E+00
    0.8897876652E-01
    0.3285654655E+00
    0.1099975802E+00
