          25
    0.1148664073E+01
    0.5786180963E+02
    0.1148664073E+01
    0.9839809314E+02
    0.1148664073E+01
    0.1350000000E+03
    0.1148664073E+01
    0.1716019069E+03
    0.1148664073E+01
    0.2121381904E+03
    0.1953384368E+01
    0.5786180963E+02
    0.1953384368E+01
    0.9839809314E+02
    0.1953384368E+01
    0.1350000000E+03
    0.1953384368E+01
    0.1716019069E+03
    0.1953384368E+01
    0.2121381904E+03
    0.2680000000E+01
    0.5786180963E+02
    0.2680000000E+01
    0.9839809314E+02
    0.2680000000E+01
    0.1350000000E+03
    0.2680000000E+01
    0.1716019069E+03
    0.2680000000E+01
    0.2121381904E+03
    0.3406615632E+01
    0.5786180963E+02
    0.3406615632E+01
    0.9839809314E+02
    0.3406615632E+01
    0.1350000000E+03
    0.3406615632E+01
    0.1716019069E+03
    0.3406615632E+01
    0.2121381904E+03
    0.4211335927E+01
    0.5786180963E+02
    0.4211335927E+01
    0.9839809314E+02
    0.4211335927E+01
    0.1350000000E+03
    0.4211335927E+01
    0.1716019069E+03
    0.4211335927E+01
    0.2121381904E+03
